(hashtag is end of preamble)
alle Eigenschaften durch abstände trennen!!

name                    alk  amount cost   |   sweet  sour  bitter   |  co2   visc  random
#         
Vodka                   0.40  0.20  0.10        0.00  0.00  0.00        0.00  0.10  0.00
Gin                     0.40  0.20  0.15        0.00  0.00  0.50        0.00  0.10  0.40
Rum_(Light)             0.40  0.20  0.10        0.50  0.00  0.10        0.00  0.10  0.20
Tequila_(Silver)        0.40  0.20  0.15        0.00  0.00  0.10        0.00  0.10  0.40
Lime_Juice              0.00  0.15  0.05        0.20  0.80  0.00        0.00  0.10  0.10
Tonic_Water             0.00  0.50  0.05        0.30  0.00  0.60        0.90  0.10  0.00
Honey_Syrup             0.00  0.05  0.02        1.00  0.00  0.00        0.00  0.50  0.20
Mint_Leaves             0.00  0.05  0.01        0.00  0.00  0.10        0.00  0.00  0.50
Tequila_(Gold)          0.40  0.20  0.15        0.00  0.00  0.10        0.00  0.10  0.50
Whiskey_(Bourbon)       0.40  0.20  0.20        0.20  0.00  0.40        0.00  0.10  0.40
Whiskey_(Scotch)        0.40  0.20  0.25        0.00  0.00  0.60        0.00  0.10  0.70
Whiskey_(Irish)         0.40  0.20  0.20        0.10  0.00  0.40        0.00  0.10  0.30
Whiskey_(Rye)           0.40  0.20  0.20        0.00  0.00  0.50        0.00  0.10  0.50
Cranberry_Juice         0.00  0.20  0.05        0.60  0.40  0.00        0.00  0.10  0.20
Tomato_Juice            0.00  0.20  0.05        0.30  0.20  0.00        0.00  0.10  0.10
Apple_Juice             0.00  0.20  0.05        0.70  0.10  0.00        0.00  0.10  0.10
Coconut_Water           0.00  0.20  0.05        0.50  0.00  0.00        0.00  0.10  0.20
Coconut_Cream           0.00  0.05  0.10        0.80  0.00  0.00        0.00  0.60  0.30
Brandy                  0.40  0.20  0.25        0.30  0.00  0.10        0.00  0.10  0.40
Cognac                  0.40  0.20  0.30        0.30  0.00  0.10        0.00  0.10  0.50
Champagne               0.12  0.50  0.35        0.20  0.10  0.10        0.90  0.10  0.40
Red_Wine                0.12  0.25  0.20        0.20  0.00  0.40        0.00  0.10  0.20
White_Wine              0.12  0.25  0.20        0.30  0.10  0.20        0.00  0.10  0.20
Soda_Water              0.00  0.50  0.05        0.00  0.00  0.00        0.90  0.10  0.00
Tonic_Water             0.00  0.50  0.05        0.30  0.00  0.60        0.90  0.10  0.00
Ginger_Ale              0.00  0.50  0.05        0.60  0.10  0.00        0.90  0.10  0.10
Cola                    0.00  0.50  0.05        0.80  0.00  0.10        0.90  0.10  0.10
Lemon-Lime_Soda         0.00  0.50  0.05        0.60  0.20  0.00        0.90  0.10  0.10
Beer                    0.05  0.50  0.10        0.10  0.00  0.20        0.90  0.10  0.20
Sake                    0.15  0.20  0.20        0.20  0.00  0.10        0.00  0.10  0.60
Vermouth_(Dry)          0.18  0.10  0.15        0.00  0.00  0.70        0.00  0.10  0.50
Vermouth_(Sweet)        0.18  0.10  0.15        0.60  0.00  0.50        0.00  0.10  0.50
Liqueur_(Coffee)        0.25  0.10  0.15        0.80  0.00  0.00        0.00  0.20  0.40
Root_Beer               0.00  0.50  0.05        0.70  0.00  0.10        0.90  0.10  0.30
Ice                     0.00  0.50  0.00        0.00  0.00  0.00        0.00  1.00  0.00
Sugar_Syrup             0.00  0.10  0.03        1.00  0.00  0.00        0.00  0.30  0.10
Honey_Syrup             0.00  0.05  0.02        1.00  0.00  0.00        0.00  0.50  0.20
Agave_Syrup             0.00  0.05  0.03        0.90  0.00  0.00        0.00  0.50  0.20
Liqueur_(Chocolate)     0.25  0.10  0.20        0.80  0.00  0.00        0.00  0.20  0.50
Liqueur_(Orange)        0.25  0.10  0.20        0.70  0.30  0.00        0.00  0.20  0.50
Liqueur_(Amaretto)      0.25  0.10  0.20        0.70  0.00  0.10        0.00  0.20  0.50
Liqueur_(Cherry)        0.25  0.10  0.20        0.70  0.20  0.00        0.00  0.20  0.50
Liqueur_(Cream)         0.15  0.20  0.25        0.80  0.00  0.00        0.00  0.60  0.40
Grenadine               0.00  0.05  0.02        1.00  0.10  0.00        0.00  0.30  0.30
Mint_Leaves             0.00  0.02  0.01        0.00  0.00  0.10        0.00  0.00  0.50
Basil_Leaves            0.00  0.02  0.01        0.00  0.00  0.10        0.00  0.00  0.60
Cilantro                0.00  0.02  0.01        0.00  0.00  0.10        0.00  0.00  0.70
Rosemary                0.00  0.02  0.01        0.00  0.00  0.10        0.00  0.00  0.70
Liqueur_(Coconut)       0.20  0.10  0.10        0.70  0.00  0.00        0.00  0.20  0.40
Absinthe                0.55  0.05  0.30        0.10  0.10  0.80        0.00  0.10  0.90
Schnapps_(Peach)        0.15  0.15  0.10        0.80  0.00  0.00        0.00  0.20  0.20
Schnapps_(Apple)        0.15  0.15  0.10        0.80  0.00  0.00        0.00  0.20  0.20
Schnapps_(Peppermint)   0.15  0.15  0.10        0.80  0.00  0.10        0.00  0.20  0.30
Bitters_(Angostura)     0.45  0.05  0.20        0.00  0.00  1.00        0.00  0.10  0.80
Bitters_(Orange)        0.30  0.05  0.20        0.10  0.10  0.90        0.00  0.10  0.70
Bitters_(Peychaud's)    0.35  0.05  0.20        0.10  0.00  1.00        0.00  0.10  0.80
Campari                 0.25  0.10  0.20        0.20  0.00  0.80        0.00  0.10  0.70
Grand_Marnier           0.40  0.10  0.25        0.70  0.00  0.20        0.00  0.20  0.50
Thyme                   0.00  0.01  0.01        0.00  0.00  0.50        0.00  0.00  0.50
Cucumbers               0.00  0.10  0.05        0.20  0.00  0.00        0.00  0.00  0.30
Lemons                  0.00  0.10  0.05        0.20  0.80  0.00        0.00  0.00  0.10
Limes                   0.00  0.10  0.05        0.20  0.80  0.00        0.00  0.00  0.10
Oranges                 0.00  0.15  0.10        0.60  0.20  0.00        0.00  0.00  0.10
Pineapples              0.00  0.15  0.10        0.80  0.10  0.00        0.00  0.00  0.20
Cherries                0.00  0.05  0.10        0.70  0.20  0.10        0.00  0.00  0.30
Strawberries            0.00  0.10  0.10        0.60  0.30  0.00        0.00  0.00  0.20
Raspberries             0.00  0.10  0.15        0.60  0.40  0.10        0.00  0.00  0.30
Blueberries             0.00  0.10  0.15        0.50  0.20  0.00        0.00  0.00  0.20
Pomegranate_Seeds       0.00  0.05  0.03        0.70  0.30  0.00        0.00  0.00  0.30
Olives                  0.00  0.05  0.05        0.00  0.00  0.50        0.00  0.10  0.40
Onions                  0.00  0.05  0.02        0.20  0.60  0.20        0.00  0.10  0.40
Celery_Stalks           0.00  0.05  0.02        0.10  0.30  0.60        0.00  0.10  0.30
Salt                    0.00  0.01  0.01        0.00  0.00  0.10        0.00  1.00  0.20
Pepper                  0.00  0.01  0.01        0.00  0.00  0.80        0.00  1.00  0.20
Sugar_(Granulated)      0.00  0.05  0.02        1.00  0.00  0.00        0.00  0.10  0.10
Sugar_(Powdered)        0.00  0.05  0.02        1.00  0.00  0.00        0.00  0.10  0.10
Cream                   0.00  0.10  0.05        0.60  0.00  0.00        0.00  0.60  0.10
Milk                    0.00  0.15  0.05        0.50  0.00  0.00        0.00  0.40  0.00
Coffee_(Cold_Brew)      0.00  0.20  0.05        0.00  0.00  0.50        0.00  0.10  0.10
Tea_(Iced)              0.00  0.50  0.05        0.00  0.00  0.30        0.00  0.10  0.10
Egg_Whites              0.00  0.05  0.10        0.00  0.00  0.00        0.00  0.80  0.50
Prosecco                0.12  0.20  0.20        0.30  0.00  0.00        0.90  0.10  0.10
Port_Wine               0.20  0.10  0.20        0.50  0.00  0.00        0.00  0.20  0.40
Sherry                  0.15  0.10  0.20        0.40  0.00  0.00        0.00  0.20  0.50
Limoncello              0.28  0.10  0.15        0.70  0.30  0.00        0.00  0.10  0.40
Jagermeister            0.35  0.10  0.20        0.50  0.00  0.40        0.00  0.10  0.50
Fanta                   0.00  0.50  0.05        0.70  0.20  0.00        0.90  0.10  0.00
Chocolate_Powder        0.00  0.05  0.05        1.00  0.00  0.20        0.00  0.50  0.20

